0.000000 5.898404 0.886787 0.770654 0.862958 0.223126 0.987282 0.607288 0.771535 1.129229 0.818442 1.562467 1.372279 1.154848 0.734763 0.516931 1.348378 1.121997 3.132779 0.292216 0.256661 0.425219 1.380720 1.200980 0.237326 1.233817 1.086251 1.034646 0.770957 1.762598 1.184951 2.315786 1.650151 1.783308 0.843737 0.056702 0.790727 0.671011 1.865483 1.142112 0.974339 2.039212 0.485386 0.366908 1.699354 0.937090 1.442655 4.469282 0.671443 0.692001 
5.898404 0.000000 2.231106 2.404967 2.249415 3.827385 2.063208 2.720447 2.417169 1.875577 2.326486 1.390346 1.591241 1.833742 2.470856 2.925492 1.611269 1.889470 0.441014 8.815742 3.698639 3.156221 1.574424 1.776278 3.769646 1.737316 1.928564 1.993206 2.406856 1.219034 1.798515 0.822667 1.322566 1.195478 2.287694 4.799336 2.370306 2.592909 1.131593 1.853780 2.078261 1.005024 3.000328 3.324642 1.270056 2.135858 1.514197 0.099605 2.594846 2.553046 
0.886787 2.231106 0.000000 0.011537 0.006077 0.222989 0.019378 0.032594 0.028977 0.038496 0.017113 0.109894 0.079159 0.024452 0.018496 0.061248 0.068040 0.041846 0.716074 2.190374 0.189841 0.089114 0.071785 0.032867 0.211857 0.040547 0.030372 0.017870 0.017447 0.173200 0.037595 0.351157 0.148381 0.168257 0.020132 0.495686 0.012510 0.027684 0.197776 0.034221 0.011466 0.257944 0.068359 0.121935 0.151801 0.015080 0.090593 1.396280 0.031057 0.026094 
0.770654 2.404967 0.011537 0.000000 0.002743 0.164554 0.014696 0.009724 0.004799 0.037450 0.002053 0.138801 0.089853 0.038883 0.000848 0.026073 0.081890 0.037819 0.798236 2.011780 0.139488 0.050981 0.089251 0.047536 0.152715 0.054383 0.029191 0.019687 0.000805 0.204575 0.045252 0.414660 0.170135 0.209408 0.004148 0.409613 0.000260 0.004239 0.238734 0.037851 0.011955 0.303883 0.033015 0.074573 0.182667 0.008928 0.106971 1.528362 0.005182 0.003220 
0.862958 2.249415 0.006077 0.002743 0.000000 0.208484 0.006617 0.022471 0.009417 0.023037 0.003021 0.104115 0.064522 0.021224 0.006207 0.045693 0.056922 0.024177 0.711761 2.158964 0.179467 0.076718 0.062575 0.028006 0.195462 0.033689 0.016500 0.008664 0.004252 0.162967 0.027330 0.351939 0.133636 0.165720 0.004100 0.477416 0.002126 0.013666 0.192478 0.022204 0.003689 0.251635 0.054547 0.105558 0.143155 0.003225 0.078270 1.405485 0.014956 0.011491 
0.223126 3.827385 0.222989 0.164554 0.208484 0.000000 0.273153 0.094274 0.168646 0.351370 0.188327 0.605390 0.491959 0.362743 0.148751 0.061776 0.476255 0.348448 1.686412 1.025685 0.001642 0.032364 0.494986 0.388917 0.000412 0.408003 0.326873 0.297397 0.165579 0.733830 0.380826 1.101639 0.663737 0.745223 0.201363 0.054930 0.174151 0.121233 0.799301 0.357197 0.265176 0.914827 0.050720 0.018445 0.692620 0.246723 0.533498 2.695901 0.122153 0.130464 
0.987282 2.063208 0.019378 0.014696 0.006617 0.273153 0.000000 0.047275 0.014702 0.005229 0.007916 0.066284 0.032142 0.009424 0.018806 0.075432 0.028084 0.005537 0.602713 2.353557 0.242170 0.117744 0.032995 0.012179 0.256842 0.014508 0.002471 0.000993 0.013393 0.111605 0.009091 0.280530 0.085530 0.118087 0.005900 0.572245 0.011478 0.030463 0.138869 0.005637 0.001110 0.188769 0.088465 0.150493 0.096096 0.000715 0.043170 1.257154 0.030445 0.026165 
0.607288 2.720447 0.032594 0.009724 0.022471 0.094274 0.047275 0.000000 0.014404 0.083530 0.017085 0.221960 0.157374 0.087320 0.006540 0.004497 0.147512 0.083110 0.983909 1.741800 0.075683 0.016180 0.157628 0.100242 0.085423 0.110075 0.071314 0.056931 0.010605 0.302995 0.096573 0.551381 0.259907 0.309385 0.021850 0.293116 0.012263 0.002424 0.344744 0.085234 0.043237 0.422149 0.007054 0.030669 0.276385 0.036479 0.180420 1.781904 0.003371 0.003900 
0.771535 2.417169 0.028977 0.004799 0.009417 0.168646 0.014702 0.014404 0.000000 0.034310 0.001834 0.142261 0.086270 0.046522 0.002750 0.026557 0.081549 0.032750 0.797380 2.011748 0.146910 0.055008 0.090462 0.053484 0.154957 0.058386 0.027683 0.022608 0.001674 0.203225 0.046457 0.421033 0.165235 0.214837 0.002052 0.412882 0.003515 0.005011 0.241370 0.037709 0.016479 0.304945 0.035295 0.075550 0.182990 0.010019 0.105127 1.535841 0.004096 0.003333 
1.129229 1.875577 0.038496 0.037450 0.023037 0.351370 0.005229 0.083530 0.034310 0.000000 0.025286 0.037460 0.011836 0.006180 0.043392 0.118527 0.010191 0.000209 0.501063 2.569424 0.317000 0.171238 0.013706 0.005394 0.332357 0.004990 0.000545 0.003956 0.034772 0.070538 0.001675 0.215395 0.049290 0.078216 0.020780 0.682364 0.032126 0.059896 0.093858 0.000509 0.008762 0.134696 0.135217 0.209299 0.058866 0.009810 0.019322 1.111056 0.059250 0.053639 
0.818442 2.326486 0.017113 0.002053 0.003021 0.188327 0.007916 0.017085 0.001834 0.025286 0.000000 0.119872 0.071536 0.031740 0.002490 0.034499 0.065804 0.024859 0.748728 2.088527 0.163226 0.064923 0.073220 0.038325 0.174689 0.043324 0.018979 0.013153 0.000769 0.178901 0.033928 0.382473 0.144981 0.186871 0.000370 0.445715 0.000871 0.007360 0.213061 0.026905 0.007911 0.273998 0.043597 0.089424 0.159171 0.004108 0.087932 1.464498 0.007324 0.005305 
1.562467 1.390346 0.109894 0.138801 0.104115 0.605390 0.066284 0.221960 0.142261 0.037460 0.119872 0.000000 0.008801 0.031998 0.154337 0.282290 0.008618 0.040453 0.271446 3.206091 0.556492 0.357807 0.005860 0.024214 0.581921 0.019421 0.044449 0.054201 0.138590 0.007240 0.026281 0.074103 0.004801 0.007453 0.111532 1.024855 0.130168 0.185876 0.013473 0.033501 0.069287 0.032041 0.306130 0.415211 0.003400 0.079712 0.003857 0.746790 0.186454 0.175309 
1.372279 1.591241 0.079159 0.089853 0.064522 0.491959 0.032142 0.157374 0.086270 0.011836 0.071536 0.008801 0.000000 0.016061 0.100068 0.205190 0.000644 0.012800 0.359095 2.929992 0.450648 0.272698 0.001214 0.010467 0.469539 0.006653 0.016842 0.025899 0.086857 0.024762 0.007992 0.127842 0.012838 0.031128 0.063972 0.873871 0.081924 0.124785 0.039949 0.011088 0.037376 0.067178 0.226824 0.320614 0.018374 0.042333 0.001054 0.894741 0.124022 0.115736 
1.154848 1.833742 0.024452 0.038883 0.021224 0.362743 0.009424 0.087320 0.046522 0.006180 0.031740 0.031998 0.016061 0.000000 0.048535 0.128378 0.010997 0.008644 0.488719 2.608260 0.323898 0.178627 0.012457 0.000622 0.345464 0.002059 0.005348 0.004348 0.040604 0.068726 0.002382 0.200540 0.052449 0.068622 0.029033 0.699946 0.035030 0.067166 0.086707 0.003178 0.008039 0.127908 0.143556 0.221151 0.055714 0.013364 0.020920 1.081602 0.068603 0.061363 
0.734763 2.470856 0.018496 0.000848 0.006207 0.148751 0.018806 0.006540 0.002750 0.043392 0.002490 0.154337 0.100068 0.048535 0.000000 0.019198 0.092685 0.043022 0.833545 1.953709 0.126012 0.042449 0.101077 0.057559 0.136972 0.064438 0.034808 0.025628 0.000492 0.221808 0.053572 0.442074 0.184529 0.228989 0.004572 0.384067 0.001114 0.001511 0.258719 0.044958 0.017150 0.325915 0.025777 0.063258 0.199434 0.012329 0.118925 1.580111 0.001898 0.000807 
0.516931 2.925492 0.061248 0.026073 0.045693 0.061776 0.075432 0.004497 0.026557 0.118527 0.034499 0.282290 0.205190 0.128378 0.019198 0.000000 0.195567 0.116799 1.104586 1.586363 0.048544 0.005181 0.208023 0.143164 0.053944 0.153973 0.104612 0.089170 0.025310 0.370518 0.136615 0.645461 0.320657 0.380765 0.040078 0.232222 0.029330 0.010040 0.418585 0.122309 0.072547 0.502749 0.000667 0.012837 0.341774 0.062050 0.232579 1.947341 0.010193 0.012748 
1.348378 1.611269 0.068040 0.081890 0.056922 0.476255 0.028084 0.147512 0.081549 0.010191 0.065804 0.008618 0.000644 0.010997 0.092685 0.195567 0.000000 0.011731 0.370600 2.895765 0.434461 0.260555 0.000318 0.006401 0.454760 0.003545 0.014249 0.021318 0.080234 0.027731 0.005397 0.132014 0.016148 0.031955 0.059143 0.853836 0.074712 0.117036 0.042325 0.008557 0.031657 0.071309 0.216155 0.308598 0.020307 0.037406 0.001700 0.910191 0.116904 0.108460 
1.121997 1.889470 0.041846 0.037819 0.024177 0.348448 0.005537 0.083110 0.032750 0.000209 0.024859 0.040453 0.012800 0.008644 0.043022 0.116799 0.011731 0.000000 0.507227 2.557811 0.315000 0.169700 0.015665 0.007687 0.329181 0.007010 0.000926 0.005032 0.034356 0.073167 0.002962 0.221080 0.050866 0.082266 0.020081 0.677456 0.032275 0.059004 0.097585 0.001371 0.009925 0.138590 0.133676 0.206790 0.061645 0.010138 0.020869 1.121563 0.057986 0.052712 
3.132779 0.441014 0.716074 0.798236 0.711761 1.686412 0.602713 0.983909 0.797380 0.501063 0.748728 0.271446 0.359095 0.488719 0.833545 1.104586 0.370600 0.507227 0.000000 5.338222 1.605082 1.251678 0.354109 0.457551 1.646229 0.436008 0.529760 0.567530 0.795605 0.195722 0.464486 0.064558 0.237065 0.191212 0.725339 2.349207 0.776791 0.904100 0.163975 0.491779 0.614886 0.117096 1.152481 1.355519 0.217541 0.643222 0.323785 0.121687 0.903697 0.880032 
0.292216 8.815742 2.190374 2.011780 2.158964 1.025685 2.353557 1.741800 2.011748 2.569424 2.088527 3.206091 2.929992 2.608260 1.953709 1.586363 2.895765 2.557811 5.338222 0.000000 1.094801 1.422254 2.943255 2.677744 1.056215 2.726896 2.504802 2.426569 2.012388 3.489743 2.653988 4.253092 3.329794 3.519176 2.128408 0.605896 2.044300 1.848769 3.634344 2.589528 2.333624 3.875209 1.530828 1.313963 3.400773 2.275828 3.032905 7.046981 1.849178 1.883421 
0.256661 3.698639 0.189841 0.139488 0.179467 0.001642 0.242170 0.075683 0.146910 0.317000 0.163226 0.556492 0.450648 0.323898 0.126012 0.048544 0.434461 0.315000 1.605082 1.094801 0.000000 0.022292 0.451748 0.349239 0.001699 0.368005 0.293252 0.263872 0.141836 0.681532 0.343232 1.034024 0.615517 0.690086 0.176022 0.072142 0.148861 0.101365 0.743127 0.321368 0.233074 0.855138 0.038323 0.012429 0.641304 0.217032 0.489630 2.589262 0.102921 0.109997 
0.425219 3.156221 0.089114 0.050981 0.076718 0.032364 0.117744 0.016180 0.055008 0.171238 0.064923 0.357807 0.272698 0.178627 0.042449 0.005181 0.260555 0.169700 1.251678 1.422254 0.022292 0.000000 0.274304 0.196964 0.027269 0.210545 0.154007 0.133564 0.051754 0.458264 0.191261 0.756424 0.403844 0.467015 0.073033 0.171587 0.056376 0.028595 0.510005 0.174777 0.112267 0.603125 0.002178 0.002598 0.425681 0.100521 0.303474 2.137593 0.029452 0.033254 
1.380720 1.574424 0.071785 0.089251 0.062575 0.494986 0.032995 0.157628 0.090462 0.013706 0.073220 0.005860 0.001214 0.012457 0.101077 0.208023 0.000318 0.015665 0.354109 2.943255 0.451748 0.274304 0.000000 0.007531 0.473367 0.004566 0.018060 0.025107 0.088213 0.023596 0.007480 0.121254 0.013797 0.026516 0.066484 0.879201 0.081999 0.126665 0.036484 0.011409 0.036029 0.063995 0.228940 0.324116 0.016566 0.042852 0.001157 0.882816 0.126829 0.117843 
1.200980 1.776278 0.032867 0.047536 0.028006 0.388917 0.012179 0.100242 0.053484 0.005394 0.038325 0.024214 0.010467 0.000622 0.057559 0.143164 0.006401 0.007687 0.457551 2.677744 0.349239 0.196964 0.007531 0.000000 0.370647 0.000430 0.005726 0.006595 0.048538 0.056715 0.001218 0.181462 0.041710 0.057480 0.034694 0.736167 0.042904 0.077644 0.073735 0.002641 0.011888 0.111952 0.159630 0.240950 0.045039 0.017422 0.014328 1.036954 0.078748 0.071172 
0.237326 3.769646 0.211857 0.152715 0.195462 0.000412 0.256842 0.085423 0.154957 0.332357 0.174689 0.581921 0.469539 0.345464 0.136972 0.053944 0.454760 0.329181 1.646229 1.056215 0.001699 0.027269 0.473367 0.370647 0.000000 0.388892 0.308790 0.280931 0.152963 0.707061 0.361846 1.070443 0.637615 0.719532 0.186947 0.062337 0.161659 0.110397 0.772133 0.338565 0.249946 0.885454 0.043916 0.014165 0.666904 0.231402 0.510499 2.646832 0.110955 0.119113 
1.233817 1.737316 0.040547 0.054383 0.033689 0.408003 0.014508 0.110075 0.058386 0.004990 0.043324 0.019421 0.006653 0.002059 0.064438 0.153973 0.003545 0.007010 0.436008 2.726896 0.368005 0.210545 0.004566 0.000430 0.388892 0.000000 0.006268 0.008799 0.054569 0.048576 0.000892 0.168975 0.034183 0.050487 0.038895 0.762238 0.049083 0.085454 0.065237 0.002649 0.015343 0.101234 0.171485 0.255316 0.037971 0.020752 0.009953 1.006612 0.086176 0.078461 
1.086251 1.928564 0.030372 0.029191 0.016500 0.326873 0.002471 0.071314 0.027683 0.000545 0.018979 0.044449 0.016842 0.005348 0.034808 0.104612 0.014249 0.000926 0.529760 2.504802 0.293252 0.154007 0.018060 0.005726 0.308790 0.006268 0.000000 0.001648 0.027207 0.081477 0.002542 0.232833 0.059073 0.088304 0.015342 0.648558 0.024599 0.049972 0.105661 0.000804 0.004959 0.149277 0.120095 0.190733 0.068555 0.005836 0.025240 1.152193 0.049648 0.044339 
1.034646 1.993206 0.017870 0.019687 0.008664 0.297397 0.000993 0.056931 0.022608 0.003956 0.013153 0.054201 0.025899 0.004348 0.025628 0.089170 0.021318 0.005032 0.567530 2.426569 0.263872 0.133564 0.025107 0.006595 0.280931 0.008799 0.001648 0.000000 0.019548 0.097337 0.005263 0.254824 0.074388 0.101409 0.011066 0.607736 0.016391 0.039412 0.121595 0.003152 0.001054 0.169052 0.102707 0.169397 0.082444 0.002579 0.034993 1.203312 0.039952 0.034718 
0.770957 2.406856 0.017447 0.000805 0.004252 0.165579 0.013393 0.010605 0.001674 0.034772 0.000769 0.138590 0.086857 0.040604 0.000492 0.025310 0.080234 0.034356 0.795605 2.012388 0.141836 0.051754 0.088213 0.048538 0.152963 0.054569 0.027207 0.019548 0.000000 0.202297 0.044321 0.415301 0.166458 0.209896 0.002079 0.410596 0.000418 0.003468 0.238040 0.036393 0.012510 0.302466 0.033016 0.074155 0.181104 0.008101 0.104650 1.528711 0.003650 0.002164 
1.762598 1.219034 0.173200 0.204575 0.162967 0.733830 0.111605 0.302995 0.203225 0.070538 0.178901 0.007240 0.024762 0.068726 0.221808 0.370518 0.027731 0.073167 0.195722 3.489743 0.681532 0.458264 0.023596 0.056715 0.707061 0.048576 0.081477 0.097337 0.202297 0.000000 0.057451 0.040636 0.002560 0.002450 0.167499 1.189283 0.193358 0.258684 0.002290 0.067085 0.117938 0.010399 0.398731 0.521280 0.000719 0.129549 0.016037 0.621858 0.258309 0.245814 
1.184951 1.798515 0.037595 0.045252 0.027330 0.380826 0.009091 0.096573 0.046457 0.001675 0.033928 0.026281 0.007992 0.002382 0.053572 0.136615 0.005397 0.002962 0.464486 2.653988 0.343232 0.191261 0.007480 0.001218 0.361846 0.000892 0.002542 0.005263 0.044321 0.057451 0.000000 0.188623 0.040104 0.061667 0.029553 0.724514 0.040015 0.072586 0.076955 0.000490 0.010940 0.115232 0.153668 0.233121 0.046280 0.014526 0.013116 1.052633 0.072774 0.065960 
2.315786 0.822667 0.351157 0.414660 0.351939 1.101639 0.280530 0.551381 0.421033 0.215395 0.382473 0.074103 0.127842 0.200540 0.442074 0.645461 0.132014 0.221080 0.064558 4.253092 1.034024 0.756424 0.121254 0.181462 1.070443 0.168975 0.232833 0.254824 0.415301 0.040636 0.188623 0.000000 0.062956 0.034736 0.367290 1.648531 0.400172 0.494582 0.024904 0.207043 0.285888 0.010164 0.680889 0.839704 0.049286 0.307508 0.106116 0.350856 0.495648 0.477324 
1.650151 1.322566 0.148381 0.170135 0.133636 0.663737 0.085530 0.259907 0.165235 0.049290 0.144981 0.004801 0.012838 0.052449 0.184529 0.320657 0.016148 0.050866 0.237065 3.329794 0.615517 0.403844 0.013797 0.041710 0.637615 0.034183 0.059073 0.074388 0.166458 0.002560 0.040104 0.062956 0.000000 0.008170 0.134076 1.098441 0.159364 0.217670 0.009660 0.047505 0.092935 0.022618 0.347584 0.461720 0.001809 0.101644 0.007369 0.696266 0.216621 0.205664 
1.783308 1.195478 0.168257 0.209408 0.165720 0.745223 0.118087 0.309385 0.214837 0.078216 0.186871 0.007453 0.031128 0.068622 0.228989 0.380765 0.031955 0.082266 0.191212 3.519176 0.690086 0.467015 0.026516 0.057480 0.719532 0.050487 0.088304 0.101409 0.209896 0.002450 0.061667 0.034736 0.008170 0.000000 0.176590 1.204758 0.199108 0.267232 0.001353 0.072550 0.121332 0.009644 0.408044 0.532872 0.002345 0.135647 0.020727 0.606326 0.268167 0.254638 
0.843737 2.287694 0.020132 0.004148 0.004100 0.201363 0.005900 0.021850 0.002052 0.020780 0.000370 0.111532 0.063972 0.029033 0.004572 0.040078 0.059143 0.020081 0.725339 2.128408 0.176022 0.073033 0.066484 0.034694 0.186947 0.038895 0.015342 0.011066 0.002079 0.167499 0.029553 0.367290 0.134076 0.176590 0.000000 0.464990 0.002346 0.010258 0.201394 0.022810 0.006965 0.260322 0.050138 0.098192 0.148750 0.003002 0.079891 1.433353 0.009855 0.007728 
0.056702 4.799336 0.495686 0.409613 0.477416 0.054930 0.572245 0.293116 0.412882 0.682364 0.445715 1.024855 0.873871 0.699946 0.384067 0.232222 0.853836 0.677456 2.349207 0.605896 0.072142 0.171587 0.879201 0.736167 0.062337 0.762238 0.648558 0.607736 0.410596 1.189283 0.724514 1.648531 1.098441 1.204758 0.464990 0.000000 0.424537 0.338646 1.273013 0.691454 0.561439 1.417569 0.210847 0.135868 1.136996 0.533928 0.929591 3.520423 0.339473 0.353770 
0.790727 2.370306 0.012510 0.000260 0.002126 0.174151 0.011478 0.012263 0.003515 0.032126 0.000871 0.130168 0.081924 0.035030 0.001114 0.029330 0.074712 0.032275 0.776791 2.044300 0.148861 0.056376 0.081999 0.042904 0.161659 0.049083 0.024599 0.016391 0.000418 0.193358 0.040015 0.400172 0.159364 0.199108 0.002346 0.424537 0.000000 0.005209 0.227267 0.032860 0.009624 0.290713 0.037083 0.080549 0.172277 0.006480 0.098624 1.500252 0.005849 0.003788 
0.671011 2.592909 0.027684 0.004239 0.013666 0.121233 0.030463 0.002424 0.005011 0.059896 0.007360 0.185876 0.124785 0.067166 0.001511 0.010040 0.117036 0.059004 0.904100 1.848769 0.101365 0.028595 0.126665 0.077644 0.110397 0.085454 0.049972 0.039412 0.003468 0.258684 0.072586 0.494582 0.217670 0.267232 0.010258 0.338646 0.005209 0.000000 0.298970 0.062303 0.028818 0.370711 0.015132 0.045552 0.234687 0.022171 0.146122 1.677762 0.000180 0.000184 
1.865483 1.131593 0.197776 0.238734 0.192478 0.799301 0.138869 0.344744 0.241370 0.093858 0.213061 0.013473 0.039949 0.086707 0.258719 0.418585 0.042325 0.097585 0.163975 3.634344 0.743127 0.510005 0.036484 0.073735 0.772133 0.065237 0.105661 0.121595 0.238040 0.002290 0.076955 0.024904 0.009660 0.001353 0.201394 1.273013 0.227267 0.298970 0.000000 0.088669 0.143851 0.004003 0.447761 0.577803 0.004145 0.158318 0.028212 0.560372 0.299356 0.285403 
1.142112 1.853780 0.034221 0.037851 0.022204 0.357197 0.005637 0.085234 0.037709 0.000509 0.026905 0.033501 0.011088 0.003178 0.044958 0.122309 0.008557 0.001371 0.491779 2.589528 0.321368 0.174777 0.011409 0.002641 0.338565 0.002649 0.000804 0.003152 0.036393 0.067085 0.000490 0.207043 0.047505 0.072550 0.022810 0.691454 0.032860 0.062303 0.088669 0.000000 0.007847 0.129200 0.138725 0.214380 0.055197 0.010207 0.017647 1.094760 0.062235 0.056089 
0.974339 2.078261 0.011466 0.011955 0.003689 0.265176 0.001110 0.043237 0.016479 0.008762 0.007911 0.069287 0.037376 0.008039 0.017150 0.072547 0.031657 0.009925 0.614886 2.333624 0.233074 0.112267 0.036029 0.011888 0.249946 0.015343 0.004959 0.001054 0.012510 0.117938 0.010940 0.285888 0.092935 0.121332 0.006965 0.561439 0.009624 0.028818 0.143851 0.007847 0.000000 0.195346 0.084428 0.145822 0.101313 0.000964 0.047997 1.270122 0.029676 0.025004 
2.039212 1.005024 0.257944 0.303883 0.251635 0.914827 0.188769 0.422149 0.304945 0.134696 0.273998 0.032041 0.067178 0.127908 0.325915 0.502749 0.071309 0.138590 0.117096 3.875209 0.855138 0.603125 0.063995 0.111952 0.885454 0.101234 0.149277 0.169052 0.302466 0.010399 0.115232 0.010164 0.022618 0.009644 0.260322 1.417569 0.290713 0.370711 0.004003 0.129200 0.195346 0.000000 0.535002 0.676145 0.015509 0.211578 0.051998 0.472086 0.370775 0.355456 
0.485386 3.000328 0.068359 0.033015 0.054547 0.050720 0.088465 0.007054 0.035295 0.135217 0.043597 0.306130 0.226824 0.143556 0.025777 0.000667 0.216155 0.133676 1.152481 1.530828 0.038323 0.002178 0.228940 0.159630 0.043916 0.171485 0.120095 0.102707 0.033016 0.398731 0.153668 0.680889 0.347584 0.408044 0.050138 0.210847 0.037083 0.015132 0.447761 0.138725 0.084428 0.535002 0.000000 0.008350 0.368603 0.073737 0.255226 2.009036 0.015638 0.018530 
0.366908 3.324642 0.121935 0.074573 0.105558 0.018445 0.150493 0.030669 0.075550 0.209299 0.089424 0.415211 0.320614 0.221151 0.063258 0.012837 0.308598 0.206790 1.355519 1.313963 0.012429 0.002598 0.324116 0.240950 0.014165 0.255316 0.190733 0.169397 0.074155 0.521280 0.233121 0.839704 0.461720 0.532872 0.098192 0.135868 0.080549 0.045552 0.577803 0.214380 0.145822 0.676145 0.008350 0.000000 0.487027 0.131265 0.354696 2.275670 0.045831 0.051168 
1.699354 1.270056 0.151801 0.182667 0.143155 0.692620 0.096096 0.276385 0.182990 0.058866 0.159171 0.003400 0.018374 0.055714 0.199434 0.341774 0.020307 0.061645 0.217541 3.400773 0.641304 0.425681 0.016566 0.045039 0.666904 0.037971 0.068555 0.082444 0.181104 0.000719 0.046280 0.049286 0.001809 0.002345 0.148750 1.136996 0.172277 0.234687 0.004145 0.055197 0.101313 0.015509 0.368603 0.487027 0.000000 0.112627 0.010780 0.658678 0.234643 0.222540 
0.937090 2.135858 0.015080 0.008928 0.003225 0.246723 0.000715 0.036479 0.010019 0.009810 0.004108 0.079712 0.042333 0.013364 0.012329 0.062050 0.037406 0.010138 0.643222 2.275828 0.217032 0.100521 0.042852 0.017422 0.231402 0.020752 0.005836 0.002579 0.008101 0.129549 0.014526 0.307508 0.101644 0.135647 0.003002 0.533928 0.006480 0.022171 0.158318 0.010207 0.000964 0.211578 0.073737 0.131265 0.112627 0.000000 0.054696 1.314293 0.022370 0.018596 
1.442655 1.514197 0.090593 0.106971 0.078270 0.533498 0.043170 0.180420 0.105127 0.019322 0.087932 0.003857 0.001054 0.020920 0.118925 0.232579 0.001700 0.020869 0.323785 3.032905 0.489630 0.303474 0.001157 0.014328 0.510499 0.009953 0.025240 0.034993 0.104650 0.016037 0.013116 0.106116 0.007369 0.020727 0.079891 0.929591 0.098624 0.146122 0.028212 0.017647 0.047997 0.051998 0.255226 0.354696 0.010780 0.054696 0.000000 0.837343 0.145688 0.136432 
4.469282 0.099605 1.396280 1.528362 1.405485 2.695901 1.257154 1.781904 1.535841 1.111056 1.464498 0.746790 0.894741 1.081602 1.580111 1.947341 0.910191 1.121563 0.121687 7.046981 2.589262 2.137593 0.882816 1.036954 2.646832 1.006612 1.152193 1.203312 1.528711 0.621858 1.052633 0.350856 0.696266 0.606326 1.433353 3.520423 1.500252 1.677762 0.560372 1.094760 1.270122 0.472086 2.009036 2.275670 0.658678 1.314293 0.837343 0.000000 1.678874 1.645541 
0.671443 2.594846 0.031057 0.005182 0.014956 0.122153 0.030445 0.003371 0.004096 0.059250 0.007324 0.186454 0.124022 0.068603 0.001898 0.010193 0.116904 0.057986 0.903697 1.849178 0.102921 0.029452 0.126829 0.078748 0.110955 0.086176 0.049648 0.039952 0.003650 0.258309 0.072774 0.495648 0.216621 0.268167 0.009855 0.339473 0.005849 0.000180 0.299356 0.062235 0.029676 0.370775 0.015638 0.045831 0.234643 0.022370 0.145688 1.678874 0.000000 0.000232 
0.692001 2.553046 0.026094 0.003220 0.011491 0.130464 0.026165 0.003900 0.003333 0.053639 0.005305 0.175309 0.115736 0.061363 0.000807 0.012748 0.108460 0.052712 0.880032 1.883421 0.109997 0.033254 0.117843 0.071172 0.119113 0.078461 0.044339 0.034718 0.002164 0.245814 0.065960 0.477324 0.205664 0.254638 0.007728 0.353770 0.003788 0.000184 0.285403 0.056089 0.025004 0.355456 0.018530 0.051168 0.222540 0.018596 0.136432 1.645541 0.000232 0.000000 
