0.000000 0.198957 0.518953 0.823807 2.113641 0.014820 0.322906 0.075208 0.047462 0.321597 0.045322 0.724939 1.447334 8.662339 0.089363 0.882519 6.705554 0.094455 0.887339 1.320179 0.079966 0.397639 0.084169 5.658602 1.994382 0.364594 0.004335 0.054756 0.006113 0.160812 
0.198957 0.000000 0.075575 0.213191 1.022243 0.106153 0.016852 0.041449 0.437877 1.019426 0.433541 1.682871 2.705770 6.241726 0.022107 0.252258 4.595362 0.567501 0.248298 0.494628 0.030138 1.156515 0.035937 7.979503 0.934611 1.101748 0.148139 0.089381 0.257122 0.003014 
0.518953 0.075575 0.000000 0.036619 0.543036 0.360774 0.024418 0.222307 0.877163 1.650099 0.868996 2.470573 3.685201 4.961612 0.177785 0.056776 3.493641 1.056199 0.050385 0.183703 0.195208 1.817705 0.200225 9.601639 0.484094 1.751204 0.433238 0.301936 0.606747 0.105211 
0.823807 0.213191 0.036619 0.000000 0.316825 0.619143 0.120816 0.422855 1.259609 2.157385 1.254752 3.091851 4.420591 4.150193 0.372110 0.023571 2.833642 1.475666 0.008437 0.060720 0.399098 2.362557 0.407792 10.800488 0.255374 2.284179 0.716650 0.548808 0.937476 0.257840 
2.113641 1.022243 0.543036 0.316825 0.000000 1.784231 0.784427 1.458986 2.792930 4.080580 2.767518 5.309550 7.052901 2.339636 1.334555 0.267310 1.309550 3.099132 0.262937 0.101064 1.373126 4.309160 1.371035 14.644980 0.043576 4.216149 1.932493 1.593218 2.273297 1.126285 
0.014820 0.106153 0.360774 0.619143 1.784231 0.000000 0.202744 0.024328 0.112846 0.468278 0.111909 0.943954 1.742456 7.962145 0.032756 0.677493 6.098212 0.183162 0.677794 1.059065 0.029023 0.565884 0.034934 6.248270 1.666822 0.525798 0.004975 0.029832 0.036708 0.078170 
0.322906 0.016852 0.024418 0.120816 0.784427 0.202744 0.000000 0.111119 0.617053 1.286949 0.606682 2.014388 3.133837 5.680310 0.072661 0.139587 4.090549 0.765969 0.139763 0.339300 0.082502 1.425156 0.084864 8.671770 0.725627 1.368073 0.255007 0.154846 0.389939 0.033882 
0.075208 0.041449 0.222307 0.422855 1.458986 0.024328 0.111119 0.000000 0.228309 0.672626 0.234211 1.238383 2.109682 7.171804 0.011867 0.495786 5.442723 0.328678 0.484339 0.802268 0.017598 0.810601 0.029357 6.979594 1.323416 0.758802 0.051117 0.058271 0.120569 0.022341 
0.047462 0.437877 0.877163 1.259609 2.792930 0.112846 0.617053 0.228309 0.000000 0.121971 0.003044 0.404720 0.970649 9.955302 0.266236 1.339149 7.869580 0.009470 1.343268 1.863267 0.250638 0.180247 0.257004 4.687199 2.643053 0.154977 0.080028 0.192091 0.032426 0.377701 
0.321597 1.019426 1.650099 2.157385 4.080580 0.468278 1.286949 0.672626 0.121971 0.000000 0.132971 0.088714 0.404471 12.230593 0.748043 2.269355 9.936027 0.070994 2.272787 2.932962 0.722293 0.028716 0.731870 3.325213 3.882910 0.016169 0.399342 0.609569 0.272258 0.924074 
0.045322 0.433541 0.868996 1.254752 2.767518 0.111909 0.606682 0.234211 0.003044 0.132971 0.000000 0.410447 0.995523 9.960666 0.260681 1.317435 7.846586 0.009680 1.328758 1.851527 0.241963 0.174494 0.244023 4.693656 2.640493 0.153046 0.075089 0.173137 0.024837 0.376872 
0.724939 1.682871 2.470573 3.091851 5.309550 0.943954 2.014388 1.238383 0.404720 0.088714 0.410447 0.000000 0.138638 14.370507 1.323250 3.198169 11.839827 0.296097 3.215348 4.001633 1.282557 0.058656 1.286327 2.338073 5.116246 0.064660 0.835981 1.102766 0.635242 1.564236 
1.447334 2.705770 3.685201 4.420591 7.052901 1.742456 3.133837 2.109682 0.970649 0.404471 0.995523 0.138638 0.000000 17.007972 2.252292 4.589955 14.329420 0.809094 4.592889 5.509088 2.207693 0.377501 2.222677 1.466958 6.770440 0.388565 1.607209 1.995050 1.334841 2.546612 
8.662339 6.241726 4.961612 4.150193 2.339636 7.962145 5.680310 7.171804 9.955302 12.230593 9.960666 14.370507 17.007972 0.000000 7.006191 4.140120 0.195500 10.558164 4.060921 3.252184 7.123153 12.770299 7.153456 28.301491 2.346605 12.579998 8.312607 7.692754 9.031860 6.462684 
0.089363 0.022107 0.177785 0.372110 1.334555 0.032756 0.072661 0.011867 0.266236 0.748043 0.260681 1.323250 2.252292 7.006191 0.000000 0.412312 5.247450 0.367457 0.413582 0.722860 0.001233 0.859452 0.005121 7.166592 1.243720 0.813137 0.056000 0.029081 0.128462 0.012549 
0.882519 0.252258 0.056776 0.023571 0.267310 0.677493 0.139587 0.495786 1.339149 2.269355 1.317435 3.198169 4.589955 4.140120 0.412312 0.000000 2.755997 1.550215 0.004426 0.057975 0.431296 2.430431 0.428175 10.955369 0.269934 2.361847 0.765761 0.555556 0.982942 0.307979 
6.705554 4.595362 3.493641 2.833642 1.309550 6.098212 4.090549 5.442723 7.869580 9.936027 7.846586 11.839827 14.329420 0.195500 5.247450 2.755997 0.000000 8.391697 2.719544 2.075114 5.334900 10.343528 5.342605 24.673907 1.404085 10.189682 6.386499 5.785439 7.006074 4.800444 
0.094455 0.567501 1.056199 1.475666 3.099132 0.183162 0.765969 0.328678 0.009470 0.070994 0.009680 0.296097 0.809094 10.558164 0.367457 1.550215 8.391697 0.000000 1.560085 2.120872 0.346498 0.107338 0.350197 4.291866 2.954966 0.088714 0.137123 0.264596 0.065505 0.500554 
0.887339 0.248298 0.050385 0.008437 0.262937 0.677794 0.139763 0.484339 1.343268 2.272787 1.328758 3.215348 4.592889 4.060921 0.413582 0.004426 2.719544 1.560085 0.000000 0.044899 0.436789 2.455609 0.438853 11.010731 0.239189 2.381840 0.772342 0.575738 0.995759 0.301013 
1.320179 0.494628 0.183703 0.060720 0.101064 1.059065 0.339300 0.802268 1.863267 2.932962 1.851527 4.001633 5.509088 3.252184 0.722860 0.057975 2.075114 2.120872 0.044899 0.000000 0.756248 3.155086 0.761758 12.440114 0.077958 3.068670 1.180892 0.941501 1.456584 0.564584 
0.079966 0.030138 0.195208 0.399098 1.373126 0.029023 0.082502 0.017598 0.250638 0.722293 0.241963 1.282557 2.207693 7.123153 0.001233 0.431296 5.334900 0.346498 0.436789 0.756248 0.000000 0.821983 0.001535 7.062606 1.292909 0.778705 0.047698 0.018462 0.113748 0.020513 
0.397639 1.156515 1.817705 2.362557 4.309160 0.565884 1.425156 0.810601 0.180247 0.028716 0.174494 0.058656 0.377501 12.770299 0.859452 2.430431 10.343528 0.107338 2.455609 3.155086 0.821983 0.000000 0.819180 3.066944 4.170422 0.001871 0.476828 0.666081 0.324178 1.064073 
0.084169 0.035937 0.200225 0.407792 1.371035 0.034934 0.084864 0.029357 0.257004 0.731870 0.244023 1.286327 2.222677 7.153456 0.005121 0.428175 5.342605 0.350197 0.438853 0.761758 0.001535 0.819180 0.000000 7.056087 1.306794 0.778789 0.050351 0.012029 0.113669 0.028476 
5.658602 7.979503 9.601639 10.800488 14.644980 6.248270 8.671770 6.979594 4.687199 3.325213 4.693656 2.338073 1.466958 28.301491 7.166592 10.955369 24.673907 4.291866 11.010731 12.440114 7.062606 3.066944 7.056087 0.000000 14.368704 3.151762 5.955769 6.581528 5.384198 7.723554 
1.994382 0.934611 0.484094 0.255374 0.043576 1.666822 0.725627 1.323416 2.643053 3.882910 2.640493 5.116246 6.770440 2.346605 1.243720 0.269934 1.404085 2.954966 0.239189 0.077958 1.292909 4.170422 1.306794 14.368704 0.000000 4.064426 1.826930 1.546391 2.171314 1.023141 
0.364594 1.101748 1.751204 2.284179 4.216149 0.525798 1.368073 0.758802 0.154977 0.016169 0.153046 0.064660 0.388565 12.579998 0.813137 2.361847 10.189682 0.088714 2.381840 3.068670 0.778705 0.001871 0.778789 3.151762 4.064426 0.000000 0.442391 0.634384 0.297697 1.009425 
0.004335 0.148139 0.433238 0.716650 1.932493 0.004975 0.255007 0.051117 0.080028 0.399342 0.075089 0.835981 1.607209 8.312607 0.056000 0.765761 6.386499 0.137123 0.772342 1.180892 0.047698 0.476828 0.050351 5.955769 1.826930 0.442391 0.000000 0.029781 0.015306 0.117045 
0.054756 0.089381 0.301936 0.548808 1.593218 0.029832 0.154846 0.058271 0.192091 0.609569 0.173137 1.102766 1.995050 7.692754 0.029081 0.555556 5.785439 0.264596 0.575738 0.941501 0.018462 0.666081 0.012029 6.581528 1.546391 0.634384 0.029781 0.000000 0.067346 0.076820 
0.006113 0.257122 0.606747 0.937476 2.273297 0.036708 0.389939 0.120569 0.032426 0.272258 0.024837 0.635242 1.334841 9.031860 0.128462 0.982942 7.006074 0.065505 0.995759 1.456584 0.113748 0.324178 0.113669 5.384198 2.171314 0.297697 0.015306 0.067346 0.000000 0.216690 
0.160812 0.003014 0.105211 0.257840 1.126285 0.078170 0.033882 0.022341 0.377701 0.924074 0.376872 1.564236 2.546612 6.462684 0.012549 0.307979 4.800444 0.500554 0.301013 0.564584 0.020513 1.064073 0.028476 7.723554 1.023141 1.009425 0.117045 0.076820 0.216690 0.000000 
