0.000000 0.258157 0.062182 0.399624 1.103664 0.199208 1.050332 0.596022 0.311001 0.409427 0.214708 2.706880 0.494594 0.236573 0.110966 0.002956 0.195780 0.003571 2.068233 0.556273 0.036516 1.629288 0.404257 0.242688 0.815395 3.313300 1.738703 4.575519 0.178172 0.009311 0.021886 0.183849 0.047518 0.654831 0.609564 10.806958 1.347931 0.252191 0.069809 0.398869 0.116620 0.133307 0.697607 8.709067 1.563585 0.895850 3.114438 0.139152 0.014857 0.028221 
0.258157 0.000000 0.074277 0.044673 0.340199 0.822258 0.318870 0.092395 0.016783 0.025129 0.014846 1.387105 0.077143 0.055986 0.036325 0.207542 0.008246 0.209540 0.969278 0.083744 0.101314 0.659105 1.257798 0.018163 1.967590 1.870963 0.713535 6.813416 0.025948 0.311571 0.136440 0.029261 0.494583 0.128825 0.125301 8.036693 0.500315 0.034991 0.590847 0.040094 0.031175 0.031005 0.176892 6.147697 0.587485 0.245751 1.648708 0.714117 0.169679 0.116129 
0.062182 0.074277 0.000000 0.147135 0.642647 0.466872 0.602848 0.273174 0.095091 0.153685 0.045803 1.952273 0.207481 0.062977 0.007287 0.041195 0.038594 0.044521 1.420081 0.246627 0.004452 1.057219 0.779605 0.059271 1.327880 2.479735 1.144102 5.686420 0.030146 0.102780 0.010416 0.032959 0.213293 0.314276 0.285127 9.260547 0.834905 0.066067 0.263674 0.146302 0.009351 0.013398 0.349059 7.307765 1.002142 0.488076 2.297112 0.376722 0.035800 0.010737 
0.399624 0.044673 0.147135 0.000000 0.175105 1.132163 0.154334 0.021424 0.007679 0.008950 0.029884 1.027560 0.005431 0.030687 0.092414 0.343991 0.044103 0.352750 0.654986 0.013476 0.199891 0.415557 1.604064 0.019842 2.353395 1.423359 0.471308 7.659300 0.044139 0.493828 0.234470 0.041508 0.714424 0.031353 0.023697 7.086798 0.281741 0.018412 0.801868 0.000228 0.090176 0.072256 0.047111 5.381244 0.385412 0.099427 1.283461 0.992272 0.317134 0.230334 
1.103664 0.340199 0.642647 0.175105 0.000000 2.186498 0.001200 0.079864 0.245726 0.181766 0.346559 0.356786 0.121652 0.335554 0.518986 1.008738 0.381927 1.022594 0.161302 0.093365 0.746855 0.052451 2.836550 0.311625 3.812052 0.615544 0.071858 10.134923 0.394949 1.252786 0.814721 0.387062 1.594379 0.058354 0.076363 5.072332 0.016841 0.303905 1.726384 0.175709 0.511241 0.471000 0.057796 3.620889 0.043843 0.012489 0.510542 1.994563 0.955027 0.802536 
0.199208 0.822258 0.466872 1.132163 2.186498 0.000000 2.118193 1.431422 0.966642 1.114945 0.794600 4.309541 1.292829 0.864589 0.577668 0.232966 0.740958 0.223467 3.509416 1.376898 0.381705 2.913992 0.051776 0.852282 0.274958 5.094012 3.045927 2.907367 0.732514 0.131660 0.345785 0.747589 0.052866 1.537384 1.479416 13.882081 2.543208 0.884188 0.054751 1.126350 0.584020 0.633119 1.623206 11.433855 2.792642 1.902054 4.789816 0.005869 0.251466 0.341209 
1.050332 0.318870 0.602848 0.154334 0.001200 2.118193 0.000000 0.068428 0.223039 0.165412 0.318516 0.385577 0.103584 0.302958 0.484525 0.959110 0.354535 0.973378 0.176701 0.079611 0.705001 0.063429 2.753436 0.284444 3.709169 0.646958 0.087133 9.984351 0.363512 1.199206 0.769027 0.355351 1.532621 0.046601 0.061109 5.166693 0.020375 0.274769 1.658307 0.155597 0.477827 0.437516 0.043170 3.713329 0.058443 0.006472 0.550036 1.927502 0.910038 0.760113 
0.596022 0.092395 0.273174 0.021424 0.079864 1.431422 0.068428 0.000000 0.046056 0.021171 0.095288 0.774118 0.009196 0.102614 0.193488 0.524851 0.112649 0.533865 0.465046 0.001121 0.340757 0.261667 1.969847 0.078338 2.805541 1.136064 0.301328 8.418408 0.123389 0.702206 0.389881 0.120200 0.964269 0.003979 0.008607 6.422719 0.163101 0.079452 1.073517 0.020429 0.188031 0.165578 0.021997 4.774128 0.228877 0.036884 0.987512 1.278188 0.483215 0.377604 
0.311001 0.016783 0.095091 0.007679 0.245726 0.966642 0.223039 0.046056 0.000000 0.008534 0.008914 1.194241 0.025666 0.022378 0.050745 0.259963 0.015397 0.266350 0.794383 0.036192 0.136268 0.523978 1.413758 0.004740 2.133547 1.626563 0.582247 7.224607 0.019528 0.388971 0.168348 0.019044 0.588989 0.066194 0.057690 7.532252 0.375067 0.009117 0.675438 0.006481 0.048101 0.037119 0.092641 5.753120 0.480065 0.157556 1.459953 0.840130 0.232052 0.160156 
0.409427 0.025129 0.153685 0.008950 0.181766 1.114945 0.165412 0.021171 0.008534 0.000000 0.033021 1.045648 0.018144 0.055905 0.094277 0.348350 0.039104 0.354083 0.683785 0.017439 0.201874 0.429423 1.603217 0.025748 2.377378 1.465555 0.476497 7.622503 0.052742 0.490610 0.243996 0.052604 0.714453 0.040479 0.040905 7.174478 0.301621 0.034108 0.816934 0.006323 0.089067 0.077155 0.072438 5.411909 0.378610 0.113716 1.282911 0.983176 0.308955 0.228238 
0.214708 0.014846 0.045803 0.029884 0.346559 0.794600 0.318516 0.095288 0.008914 0.033021 0.000000 1.404910 0.060681 0.013925 0.017354 0.173005 0.002552 0.178550 0.964348 0.080206 0.075913 0.666186 1.200215 0.001125 1.866916 1.865528 0.733450 6.736315 0.002432 0.281671 0.099795 0.002878 0.454280 0.121538 0.106488 8.036854 0.494695 0.005942 0.529267 0.028884 0.016237 0.009658 0.150035 6.206472 0.619495 0.237896 1.695332 0.678935 0.152345 0.094554 
2.706880 1.387105 1.952273 1.027560 0.356786 4.309541 0.385577 0.774118 1.194241 1.045648 1.404910 0.000000 0.887364 1.359020 1.734514 2.560595 1.476997 2.584176 0.047325 0.814636 2.133325 0.136233 5.199266 1.332342 6.475727 0.044290 0.111122 14.293256 1.497312 2.944703 2.242296 1.479913 3.455535 0.700252 0.748096 2.749479 0.235213 1.307655 3.638515 1.031038 1.721381 1.644501 0.663226 1.705813 0.175174 0.488278 0.023925 4.037006 2.479016 2.228209 
0.494594 0.077143 0.207481 0.005431 0.121652 1.292829 0.103584 0.009196 0.025666 0.018144 0.060681 0.887364 0.000000 0.054361 0.142151 0.433557 0.080375 0.443883 0.542351 0.003910 0.270026 0.328537 1.791158 0.045774 2.573102 1.254323 0.380136 8.065635 0.079460 0.601135 0.308502 0.075360 0.841506 0.011617 0.006441 6.702498 0.209988 0.041007 0.933023 0.006386 0.139669 0.116568 0.020850 5.053279 0.306840 0.059163 1.130258 1.142225 0.405052 0.305696 
0.236573 0.055986 0.062977 0.030687 0.335554 0.864589 0.302958 0.102614 0.022378 0.055905 0.013925 1.359020 0.054361 0.000000 0.037453 0.199970 0.027441 0.209478 0.912595 0.083206 0.100898 0.638393 1.257371 0.010578 1.902768 1.784041 0.714888 6.889992 0.011012 0.321964 0.116826 0.008151 0.495610 0.115931 0.091941 7.848560 0.463558 0.003004 0.553830 0.033240 0.039788 0.024832 0.123674 6.099440 0.618209 0.221127 1.668263 0.736685 0.193722 0.125647 
0.110966 0.036325 0.007287 0.092414 0.518986 0.577668 0.484525 0.193488 0.050745 0.094277 0.017354 1.734514 0.142151 0.037453 0.000000 0.081015 0.012348 0.084620 1.239446 0.172129 0.020706 0.898549 0.929073 0.026617 1.527402 2.240922 0.976277 6.070161 0.009659 0.159205 0.034958 0.012036 0.294118 0.230671 0.208449 8.796848 0.696839 0.034503 0.356765 0.090978 0.000284 0.001395 0.266106 6.880186 0.842781 0.383442 2.054988 0.479278 0.067405 0.030953 
0.002956 0.207542 0.041195 0.343991 1.008738 0.232966 0.959110 0.524851 0.259963 0.348350 0.173005 2.560595 0.433557 0.199970 0.081015 0.000000 0.154050 0.000299 1.944588 0.488691 0.019879 1.515715 0.462413 0.199042 0.905699 3.158891 1.618604 4.760369 0.141819 0.014548 0.011108 0.147639 0.067044 0.582912 0.542820 10.532645 1.246934 0.210690 0.098611 0.342449 0.085199 0.101167 0.628587 8.446247 1.446393 0.812862 2.951480 0.169525 0.005302 0.013184 
0.195780 0.008246 0.038594 0.044103 0.381927 0.740958 0.354535 0.112649 0.015397 0.039104 0.002552 1.476997 0.080375 0.027441 0.012348 0.154050 0.000000 0.157872 1.030161 0.098156 0.063328 0.716810 1.142848 0.006537 1.806694 1.957458 0.782364 6.583485 0.005349 0.253236 0.088589 0.007281 0.419675 0.145230 0.132292 8.226346 0.541873 0.016282 0.498792 0.041758 0.010205 0.007821 0.182257 6.353472 0.659192 0.271203 1.765275 0.632351 0.129293 0.078481 
0.003571 0.209540 0.044521 0.352750 1.022594 0.223467 0.973378 0.533865 0.266350 0.354083 0.178550 2.584176 0.443883 0.209478 0.084620 0.000299 0.157872 0.000000 1.967225 0.498089 0.021617 1.533751 0.452922 0.205451 0.896911 3.188743 1.635725 4.725244 0.147765 0.012074 0.013615 0.154093 0.063229 0.594022 0.554911 10.589191 1.264460 0.218873 0.096669 0.350714 0.088382 0.105728 0.642724 8.489057 1.460556 0.826641 2.973474 0.162232 0.003877 0.013830 
2.068233 0.969278 1.420081 0.654986 0.161302 3.509416 0.176701 0.465046 0.794383 0.683785 0.964348 0.047325 0.542351 0.912595 1.239446 1.944588 1.030161 1.967225 0.000000 0.492541 1.577735 0.031310 4.300935 0.902801 5.450557 0.147559 0.029085 12.789853 1.036690 2.285432 1.665960 1.020599 2.733769 0.401959 0.432598 3.434404 0.077761 0.876045 2.886340 0.659801 1.230665 1.161786 0.364474 2.293583 0.070475 0.244444 0.132500 3.258679 1.883191 1.662123 
0.556273 0.083744 0.246627 0.013476 0.093365 1.376898 0.079611 0.001121 0.036192 0.017439 0.080206 0.814636 0.003910 0.083206 0.172129 0.488691 0.098156 0.498089 0.492541 0.000000 0.312176 0.284761 1.900946 0.064112 2.717468 1.179278 0.328572 8.283413 0.105022 0.662143 0.357592 0.101578 0.916235 0.004842 0.006095 6.527674 0.178957 0.063371 1.019394 0.013110 0.167678 0.145190 0.020143 4.876890 0.255394 0.043379 1.038380 1.224922 0.451516 0.348445 
0.036516 0.101314 0.004452 0.199891 0.746855 0.381705 0.705001 0.340757 0.136268 0.201874 0.075913 2.133325 0.270026 0.100898 0.020706 0.019879 0.063328 0.021617 1.577735 0.312176 0.000000 1.191361 0.672434 0.093842 1.193884 2.687776 1.281268 5.384528 0.056679 0.065377 0.003082 0.060958 0.158787 0.389105 0.358355 9.660499 0.956091 0.104258 0.206665 0.198220 0.022774 0.031787 0.430757 7.654294 1.127413 0.581265 2.488242 0.301521 0.015039 0.001413 
1.629288 0.659105 1.057219 0.415557 0.052451 2.913992 0.063429 0.261667 0.523978 0.429423 0.666186 0.136233 0.328537 0.638393 0.898549 1.515715 0.716810 1.533751 0.031310 0.284761 1.191361 0.000000 3.652508 0.616508 4.738410 0.309631 0.003878 11.639013 0.730428 1.814202 1.273641 0.718527 2.219591 0.218761 0.246815 4.093489 0.014576 0.600774 2.368562 0.417710 0.889231 0.834106 0.201752 2.806133 0.012769 0.108944 0.243631 2.690128 1.453419 1.262593 
0.404257 1.257798 0.779605 1.604064 2.836550 0.051776 2.753436 1.969847 1.413758 1.603217 1.200215 5.199266 1.791158 1.257371 0.929073 0.462413 1.142848 0.452922 4.300935 1.900946 0.672434 3.652508 0.000000 1.268066 0.088276 6.032192 3.810107 2.260686 1.116306 0.320148 0.613353 1.131907 0.177715 2.083653 2.005900 15.388701 3.227200 1.294814 0.144396 1.600490 0.940722 0.995943 2.163910 12.861098 3.537895 2.501259 5.746781 0.076925 0.505085 0.622708 
0.242688 0.018163 0.059271 0.019842 0.311625 0.852282 0.284444 0.078338 0.004740 0.025748 0.001125 1.332342 0.045774 0.010578 0.026617 0.199042 0.006537 0.205451 0.902801 0.064112 0.093842 0.616508 1.268066 0.000000 1.947014 1.779120 0.682572 6.899749 0.005124 0.315747 0.118889 0.004782 0.496554 0.100782 0.086259 7.855933 0.451116 0.002758 0.572291 0.019337 0.025590 0.016415 0.125446 6.053231 0.574759 0.208073 1.618450 0.731531 0.178500 0.114972 
0.815395 1.967590 1.327880 2.353395 3.812052 0.274958 3.709169 2.805541 2.133547 2.377378 1.866916 6.475727 2.573102 1.902768 1.527402 0.905699 1.806694 0.896911 5.450557 2.717468 1.193884 4.738410 0.088276 1.947014 0.000000 7.364511 4.930502 1.603673 1.754117 0.713289 1.103740 1.769814 0.489508 2.927139 2.822478 17.430609 4.242668 1.964990 0.408158 2.353310 1.546442 1.608043 2.996641 14.815508 4.637058 3.410613 7.112672 0.322668 0.981855 1.133399 
3.313300 1.870963 2.479735 1.423359 0.615544 5.094012 0.646958 1.136064 1.626563 1.465555 1.865528 0.044290 1.254323 1.784041 2.240922 3.158891 1.957458 3.188743 0.147559 1.179278 2.687776 0.309631 6.032192 1.779120 7.364511 0.000000 0.282098 15.674255 1.963958 3.591318 2.799531 1.940969 4.146065 1.036498 1.083320 2.158396 0.439531 1.738229 4.325867 1.430979 2.229738 2.135521 0.970289 1.296198 0.386093 0.771677 0.053368 4.789282 3.084086 2.798469 
1.738703 0.713535 1.144102 0.471308 0.071858 3.045927 0.087133 0.301328 0.582247 0.476497 0.733450 0.111122 0.380136 0.714888 0.976277 1.618604 0.782364 1.635725 0.029085 0.328572 1.281268 0.003878 3.810107 0.682572 4.930502 0.282098 0.000000 11.904823 0.803708 1.923001 1.370460 0.792455 2.342107 0.259682 0.294135 3.965920 0.031180 0.670824 2.502661 0.472152 0.965003 0.910465 0.248676 2.677243 0.009061 0.140829 0.199439 2.820656 1.547687 1.353117 
4.575519 6.813416 5.686420 7.659300 10.134923 2.907367 9.984351 8.418408 7.224607 7.622503 6.736315 14.293256 8.065635 6.889992 6.070161 4.760369 6.583485 4.725244 12.789853 8.283413 5.384528 11.639013 2.260686 6.899749 1.603673 15.674255 11.904823 0.000000 6.544160 4.263495 5.225339 6.584647 3.697612 8.667430 8.518078 29.445530 10.878342 6.973054 3.542456 7.647351 6.094127 6.243745 8.845794 25.871310 11.396666 9.504046 15.159067 3.138109 4.867897 5.234752 
0.178172 0.025948 0.030146 0.044139 0.394949 0.732514 0.363512 0.123389 0.019528 0.052742 0.002432 1.497312 0.079460 0.011012 0.009659 0.141819 0.005349 0.147765 1.036690 0.105022 0.056679 0.730428 1.116306 0.005124 1.754117 1.963958 0.803708 6.544160 0.000000 0.243705 0.075169 0.000218 0.403801 0.149894 0.130022 8.237250 0.547790 0.007672 0.470121 0.043940 0.009939 0.003732 0.175201 6.399300 0.687738 0.275625 1.802959 0.619441 0.127401 0.074104 
0.009311 0.311571 0.102780 0.493828 1.252786 0.131660 1.199206 0.702206 0.388971 0.490610 0.281671 2.944703 0.601135 0.321964 0.159205 0.014548 0.253236 0.012074 2.285432 0.662143 0.065377 1.814202 0.320148 0.315747 0.713289 3.591318 1.923001 4.263495 0.243705 0.000000 0.051007 0.252096 0.021071 0.773115 0.729744 11.314125 1.521463 0.333591 0.047405 0.490877 0.163526 0.188317 0.830650 9.132488 1.729553 1.036422 3.354834 0.086096 0.021411 0.049949 
0.021886 0.136440 0.010416 0.234470 0.814721 0.345785 0.769027 0.389881 0.168348 0.243996 0.099795 2.242296 0.308502 0.116826 0.034958 0.011108 0.088589 0.013615 1.665960 0.357592 0.003082 1.273641 0.613353 0.118889 1.103740 2.799531 1.370460 5.225339 0.075169 0.051007 0.000000 0.078912 0.131910 0.437292 0.400861 9.865085 1.026837 0.125876 0.169512 0.233933 0.038752 0.047367 0.473815 7.858762 1.216170 0.637862 2.614283 0.267082 0.013885 0.003835 
0.183849 0.029261 0.032959 0.041508 0.387062 0.747589 0.355351 0.120200 0.019044 0.052604 0.002878 1.479913 0.075360 0.008151 0.012036 0.147639 0.007281 0.154093 1.020599 0.101578 0.060958 0.718527 1.131907 0.004782 1.769814 1.940969 0.792455 6.584647 0.000218 0.252096 0.078912 0.000000 0.413661 0.144878 0.124274 8.188610 0.536605 0.005847 0.478567 0.041719 0.012649 0.005237 0.167637 6.362764 0.679101 0.268065 1.786565 0.632539 0.134564 0.079361 
0.047518 0.494583 0.213293 0.714424 1.594379 0.052866 1.532621 0.964269 0.588989 0.714453 0.454280 3.455535 0.841506 0.495610 0.294118 0.067044 0.419675 0.063229 2.733769 0.916235 0.158787 2.219591 0.177715 0.496554 0.489508 4.146065 2.342107 3.697612 0.403801 0.021071 0.131910 0.413661 0.000000 1.044724 0.991399 12.278439 1.892185 0.515222 0.008914 0.711736 0.300746 0.332404 1.105657 10.017065 2.130359 1.346586 3.903425 0.024121 0.084882 0.135221 
0.654831 0.128825 0.314276 0.031353 0.058354 1.537384 0.046601 0.003979 0.066194 0.040479 0.121538 0.700252 0.011617 0.115931 0.230671 0.582912 0.145230 0.594022 0.401959 0.004842 0.389105 0.218761 2.083653 0.100782 2.927139 1.036498 0.259682 8.667430 0.149894 0.773115 0.437292 0.144878 1.044724 0.000000 0.002692 6.186231 0.126133 0.096063 1.150070 0.031923 0.226292 0.198539 0.007815 4.591892 0.199055 0.019511 0.914106 1.374942 0.545489 0.430492 
0.609564 0.125301 0.285127 0.023697 0.076363 1.479416 0.061109 0.008607 0.057690 0.040905 0.106488 0.748096 0.006441 0.091941 0.208449 0.542820 0.132292 0.554911 0.432598 0.006095 0.358355 0.246815 2.005900 0.086259 2.822478 1.083320 0.294135 8.518078 0.130022 0.729744 0.400861 0.124274 0.991399 0.002692 0.000000 6.297865 0.144613 0.077651 1.086954 0.025504 0.205773 0.176932 0.004486 4.710870 0.234739 0.027938 0.977387 1.317044 0.512836 0.399771 
10.806958 8.036693 9.260547 7.086798 5.072332 13.882081 5.166693 6.422719 7.532252 7.174478 8.036854 2.749479 6.702498 7.848560 8.796848 10.532645 8.226346 10.589191 3.434404 6.527674 9.660499 4.093489 15.388701 7.855933 17.430609 2.158396 3.965920 29.445530 8.237250 11.314125 9.865085 8.188610 12.278439 6.186231 6.297865 0.000000 4.545730 7.764031 12.567771 7.104238 8.775446 8.585959 6.015138 0.188444 4.306258 5.511200 2.460244 13.372782 10.402208 9.870818 
1.347931 0.500315 0.834905 0.281741 0.016841 2.543208 0.020375 0.163101 0.375067 0.301621 0.494695 0.235213 0.209988 0.463558 0.696839 1.246934 0.541873 1.264460 0.077761 0.178957 0.956091 0.014576 3.227200 0.451116 4.242668 0.439531 0.031180 10.878342 0.547790 1.521463 1.026837 0.536605 1.892185 0.126133 0.144613 4.545730 0.000000 0.434194 2.024232 0.284647 0.689948 0.639233 0.108802 3.204737 0.027555 0.046492 0.376651 2.331397 1.195881 1.021520 
0.252191 0.034991 0.066067 0.018412 0.303905 0.884188 0.274769 0.079452 0.009117 0.034108 0.005942 1.307655 0.041007 0.003004 0.034503 0.210690 0.016282 0.218873 0.876045 0.063371 0.104258 0.600774 1.294814 0.002758 1.964990 1.738229 0.670824 6.973054 0.007672 0.333591 0.125876 0.005847 0.515222 0.096063 0.077651 7.764031 0.434194 0.000000 0.583653 0.019484 0.034990 0.022033 0.111471 5.998145 0.570850 0.198060 1.601806 0.757851 0.196461 0.128174 
0.069809 0.590847 0.263674 0.801868 1.726384 0.054751 1.658307 1.073517 0.675438 0.816934 0.529267 3.638515 0.933023 0.553830 0.356765 0.098611 0.498792 0.096669 2.886340 1.019394 0.206665 2.368562 0.144396 0.572291 0.408158 4.325867 2.502661 3.542456 0.470121 0.047405 0.169512 0.478567 0.008914 1.150070 1.086954 12.567771 2.024232 0.583653 0.000000 0.801488 0.366513 0.395937 1.199633 10.322442 2.293747 1.461558 4.114218 0.025651 0.130059 0.183387 
0.398869 0.040094 0.146302 0.000228 0.175709 1.126350 0.155597 0.020429 0.006481 0.006323 0.028884 1.031038 0.006386 0.033240 0.090978 0.342449 0.041758 0.350714 0.659801 0.013110 0.198220 0.417710 1.600490 0.019337 2.353310 1.430979 0.472152 7.647351 0.043940 0.490877 0.233933 0.041719 0.711736 0.031923 0.025504 7.104238 0.284647 0.019484 0.801488 0.000000 0.088277 0.071364 0.050304 5.389038 0.384217 0.101063 1.284178 0.987867 0.313646 0.227957 
0.116620 0.031175 0.009351 0.090176 0.511241 0.584020 0.477827 0.188031 0.048101 0.089067 0.016237 1.721381 0.139669 0.039788 0.000284 0.085199 0.010205 0.088382 1.230665 0.167678 0.022774 0.889231 0.940722 0.025590 1.546442 2.229738 0.965003 6.094127 0.009939 0.163526 0.038752 0.012649 0.300746 0.226292 0.205773 8.775446 0.689948 0.034990 0.366513 0.088277 0.000000 0.001770 0.264147 6.853150 0.830386 0.378241 2.037298 0.486200 0.069138 0.032722 
0.133307 0.031005 0.013398 0.072256 0.471000 0.633119 0.437516 0.165578 0.037119 0.077155 0.009658 1.644501 0.116568 0.024832 0.001395 0.101167 0.007821 0.105728 1.161786 0.145190 0.031787 0.834106 0.995943 0.016415 1.608043 2.135521 0.910465 6.243745 0.003732 0.188317 0.047367 0.005237 0.332404 0.198539 0.176932 8.585959 0.639233 0.022033 0.395937 0.071364 0.001770 0.000000 0.229742 6.700048 0.783794 0.341193 1.960092 0.529070 0.087648 0.044804 
0.697607 0.176892 0.349059 0.047111 0.057796 1.623206 0.043170 0.021997 0.092641 0.072438 0.150035 0.663226 0.020850 0.123674 0.266106 0.628587 0.182257 0.642724 0.364474 0.020143 0.430757 0.201752 2.163910 0.125446 2.996641 0.970289 0.248676 8.845794 0.175201 0.830650 0.473815 0.167637 1.105657 0.007815 0.004486 6.015138 0.108802 0.111471 1.199633 0.050304 0.264147 0.229742 0.000000 4.486141 0.202025 0.016629 0.888707 1.450624 0.601185 0.477189 
8.709067 6.147697 7.307765 5.381244 3.620889 11.433855 3.713329 4.774128 5.753120 5.411909 6.206472 1.705813 5.053279 6.099440 6.880186 8.446247 6.353472 8.489057 2.293583 4.876890 7.654294 2.806133 12.861098 6.053231 14.815508 1.296198 2.677243 25.871310 6.399300 9.132488 7.858762 6.362764 10.017065 4.591892 4.710870 0.188444 3.204737 5.998145 10.322442 5.389038 6.853150 6.700048 4.486141 0.000000 2.935002 4.018921 1.431735 10.990082 8.294736 7.832377 
1.563585 0.587485 1.002142 0.385412 0.043843 2.792642 0.058443 0.228877 0.480065 0.378610 0.619495 0.175174 0.306840 0.618209 0.842781 1.446393 0.659192 1.460556 0.070475 0.255394 1.127413 0.012769 3.537895 0.574759 4.637058 0.386093 0.009061 11.396666 0.687738 1.729553 1.216170 0.679101 2.130359 0.199055 0.234739 4.306258 0.027555 0.570850 2.293747 0.384217 0.830386 0.783794 0.202025 2.935002 0.000000 0.103120 0.267945 2.581825 1.371364 1.192155 
0.895850 0.245751 0.488076 0.099427 0.012489 1.902054 0.006472 0.036884 0.157556 0.113716 0.237896 0.488278 0.059163 0.221127 0.383442 0.812862 0.271203 0.826641 0.244444 0.043379 0.581265 0.108944 2.501259 0.208073 3.410613 0.771677 0.140829 9.504046 0.275625 1.036422 0.637862 0.268065 1.346586 0.019511 0.027938 5.511200 0.046492 0.198060 1.461558 0.101063 0.378241 0.341193 0.016629 4.018921 0.103120 0.000000 0.674837 1.719884 0.770787 0.632266 
3.114438 1.648708 2.297112 1.283461 0.510542 4.789816 0.550036 0.987512 1.459953 1.282911 1.695332 0.023925 1.130258 1.668263 2.054988 2.951480 1.765275 2.973474 0.132500 1.038380 2.488242 0.243631 5.746781 1.618450 7.112672 0.053368 0.199439 15.159067 1.802959 3.354834 2.614283 1.786565 3.903425 0.914106 0.977387 2.460244 0.376651 1.601806 4.114218 1.284178 2.037298 1.960092 0.888707 1.431735 0.267945 0.674837 0.000000 4.510606 2.849647 2.586224 
0.139152 0.714117 0.376722 0.992272 1.994563 0.005869 1.927502 1.278188 0.840130 0.983176 0.678935 4.037006 1.142225 0.736685 0.479278 0.169525 0.632351 0.162232 3.258679 1.224922 0.301521 2.690128 0.076925 0.731531 0.322668 4.789282 2.820656 3.138109 0.619441 0.086096 0.267082 0.632539 0.024121 1.374942 1.317044 13.372782 2.331397 0.757851 0.025651 0.987867 0.486200 0.529070 1.450624 10.990082 2.581825 1.719884 4.510606 0.000000 0.189884 0.266784 
0.014857 0.169679 0.035800 0.317134 0.955027 0.251466 0.910038 0.483215 0.232052 0.308955 0.152345 2.479016 0.405052 0.193722 0.067405 0.005302 0.129293 0.003877 1.883191 0.451516 0.015039 1.453419 0.505085 0.178500 0.981855 3.084086 1.547687 4.867897 0.127401 0.021411 0.013885 0.134564 0.084882 0.545489 0.512836 10.402208 1.195881 0.196461 0.130059 0.313646 0.069138 0.087648 0.601185 8.294736 1.371364 0.770787 2.849647 0.189884 0.000000 0.007347 
0.028221 0.116129 0.010737 0.230334 0.802536 0.341209 0.760113 0.377604 0.160156 0.228238 0.094554 2.228209 0.305696 0.125647 0.030953 0.013184 0.078481 0.013830 1.662123 0.348445 0.001413 1.262593 0.622708 0.114972 1.133399 2.798469 1.353117 5.234752 0.074104 0.049949 0.003835 0.079361 0.135221 0.430492 0.399771 9.870818 1.021520 0.128174 0.183387 0.227957 0.032722 0.044804 0.477189 7.832377 1.192155 0.632266 2.586224 0.266784 0.007347 0.000000 
