0.000000 0.030360 0.150441 0.033459 0.055173 0.327120 0.001424 0.021030 0.559406 0.005753 0.142065 0.082255 0.051247 0.002670 0.165862 0.302319 0.001116 2.485385 0.010542 0.004151 1.758800 0.023776 0.812927 0.043695 0.014720 0.032083 0.021472 0.122913 0.021785 0.000894 
0.030360 0.000000 0.047570 0.127379 0.004479 0.554964 0.032620 0.091829 0.330465 0.009764 0.302748 0.012676 0.158438 0.025539 0.336080 0.523673 0.023053 3.059616 0.074493 0.026943 1.333394 0.104032 1.154549 0.001873 0.003230 0.118016 0.001976 0.031533 0.102711 0.025162 
0.150441 0.047570 0.000000 0.325177 0.032051 0.920984 0.158624 0.248830 0.130986 0.099167 0.584604 0.013004 0.376985 0.142819 0.632230 0.877585 0.130060 3.858313 0.239311 0.145918 0.880468 0.291181 1.662418 0.032077 0.075589 0.315126 0.066663 0.002373 0.286709 0.141141 
0.033459 0.127379 0.325177 0.000000 0.172569 0.151713 0.032963 0.014571 0.866398 0.066627 0.037801 0.220415 0.002855 0.042667 0.051000 0.134630 0.044032 1.943349 0.007858 0.043848 2.275443 0.003416 0.517150 0.153493 0.091509 0.005106 0.106239 0.284626 0.001563 0.040056 
0.055173 0.004479 0.032051 0.172569 0.000000 0.640848 0.055245 0.135885 0.273405 0.025359 0.368126 0.004224 0.205616 0.044764 0.403194 0.609568 0.046558 3.251967 0.108238 0.045247 1.219976 0.141805 1.275542 0.004357 0.012897 0.156096 0.008016 0.017512 0.142689 0.046347 
0.327120 0.554964 0.920984 0.151713 0.640848 0.000000 0.320003 0.230069 1.741583 0.417640 0.038060 0.734897 0.120543 0.346890 0.027410 0.001457 0.359196 1.009188 0.222946 0.346508 3.602217 0.179768 0.108690 0.609926 0.475288 0.165851 0.505844 0.850543 0.180269 0.344076 
0.001424 0.032620 0.158624 0.032963 0.055245 0.320003 0.000000 0.028448 0.570107 0.007086 0.138155 0.085290 0.047745 0.000658 0.160146 0.297801 0.004394 2.462538 0.008840 0.001110 1.783053 0.020203 0.800801 0.048232 0.015421 0.026599 0.021196 0.128238 0.020478 0.000575 
0.021030 0.091829 0.248830 0.014571 0.135885 0.230069 0.028448 0.000000 0.739953 0.045380 0.084473 0.169303 0.030038 0.036863 0.105788 0.203794 0.023744 2.182946 0.015351 0.040771 2.045146 0.021527 0.648047 0.107905 0.066624 0.030286 0.081216 0.219886 0.013835 0.030199 
0.559406 0.330465 0.130986 0.866398 0.273405 1.741583 0.570107 0.739953 0.000000 0.453549 1.265130 0.214404 0.946539 0.537207 1.333014 1.684018 0.521058 5.401125 0.718754 0.540429 0.338579 0.804933 2.720201 0.290590 0.398019 0.841169 0.372772 0.157960 0.801223 0.537963 
0.005753 0.009764 0.099167 0.066627 0.025359 0.417640 0.007086 0.045380 0.453549 0.000000 0.203805 0.044678 0.089722 0.004607 0.231472 0.390424 0.003493 2.724465 0.030446 0.005889 1.569423 0.050492 0.952270 0.018464 0.002105 0.060969 0.005208 0.076194 0.049156 0.003712 
0.142065 0.302748 0.584604 0.037801 0.368126 0.038060 0.138155 0.084473 1.265130 0.203805 0.000000 0.439113 0.023581 0.156396 0.001243 0.030320 0.163427 1.439196 0.077187 0.156757 2.899733 0.053369 0.275367 0.343328 0.244988 0.047205 0.267564 0.529044 0.052781 0.153753 
0.082255 0.012676 0.013004 0.220415 0.004224 0.734897 0.085290 0.169303 0.214404 0.044678 0.439113 0.000000 0.260279 0.072889 0.478742 0.699207 0.069365 3.464190 0.148305 0.074328 1.089537 0.188512 1.408258 0.006970 0.028200 0.206314 0.021866 0.004611 0.187435 0.073274 
0.051247 0.158438 0.376985 0.002855 0.205616 0.120543 0.047745 0.030038 0.946539 0.089722 0.023581 0.260279 0.000000 0.058569 0.033030 0.107376 0.065390 1.825563 0.015652 0.058743 2.409320 0.006009 0.457686 0.189166 0.117151 0.004633 0.132549 0.331236 0.006274 0.057357 
0.002670 0.025539 0.142819 0.042667 0.044764 0.346890 0.000658 0.036863 0.537207 0.004607 0.156396 0.072889 0.058569 0.000000 0.179280 0.324420 0.004915 2.534213 0.014033 0.000187 1.725897 0.027224 0.842438 0.040104 0.010606 0.033944 0.015014 0.113340 0.028155 0.000533 
0.165862 0.336080 0.632230 0.051000 0.403194 0.027410 0.160146 0.105788 1.333014 0.231472 0.001243 0.478742 0.033030 0.179280 0.000000 0.022171 0.189573 1.367683 0.094137 0.179046 3.004871 0.066786 0.244818 0.379711 0.274590 0.058649 0.297781 0.573271 0.067437 0.177428 
0.302319 0.523673 0.877585 0.134630 0.609568 0.001457 0.297801 0.203794 1.684018 0.390424 0.030320 0.699207 0.107376 0.324420 0.022171 0.000000 0.331957 1.057365 0.204091 0.324941 3.514056 0.164113 0.125354 0.575535 0.447164 0.152425 0.477826 0.810761 0.162673 0.320240 
0.001116 0.023053 0.130060 0.044032 0.046558 0.359196 0.004394 0.023744 0.521058 0.003493 0.163427 0.069365 0.065390 0.004915 0.189573 0.331957 0.000000 2.572222 0.017949 0.007015 1.686556 0.034453 0.862894 0.033501 0.010827 0.044670 0.017134 0.105780 0.031161 0.002284 
2.485385 3.059616 3.858313 1.943349 3.251967 1.009188 2.462538 2.182946 5.401125 2.724465 1.439196 3.464190 1.825563 2.534213 1.367683 1.057365 2.572222 0.000000 2.179294 2.530293 8.424438 2.036736 0.455506 3.188151 2.867278 1.983354 2.939300 3.711888 2.042210 2.530030 
0.010542 0.074493 0.239311 0.007858 0.108238 0.222946 0.008840 0.015351 0.718754 0.030446 0.077187 0.148305 0.015652 0.014033 0.094137 0.204091 0.017949 2.179294 0.000000 0.014589 2.037019 0.002667 0.642577 0.096158 0.047194 0.006113 0.057353 0.202891 0.002443 0.013090 
0.004151 0.026943 0.145918 0.043848 0.045247 0.346508 0.001110 0.040771 0.540429 0.005889 0.156757 0.074328 0.058743 0.000187 0.179046 0.324941 0.007015 2.530293 0.014589 0.000000 1.732806 0.027204 0.840952 0.042262 0.011562 0.033266 0.015565 0.115473 0.028961 0.001343 
1.758800 1.333394 0.880468 2.275443 1.219976 3.602217 1.783053 2.045146 0.338579 1.569423 2.899733 1.089537 2.409320 1.725897 3.004871 3.514056 1.686556 8.424438 2.037019 1.732806 0.000000 2.182252 4.962140 1.248331 1.466969 2.243864 1.419977 0.954947 2.172008 1.724633 
0.023776 0.104032 0.291181 0.003416 0.141805 0.179768 0.020203 0.021527 0.804933 0.050492 0.053369 0.188512 0.006009 0.027224 0.066786 0.164113 0.034453 2.036736 0.002667 0.027204 2.182252 0.000000 0.566846 0.130005 0.070912 0.000858 0.082590 0.250108 0.000917 0.026899 
0.812927 1.154549 1.662418 0.517150 1.275542 0.108690 0.800801 0.648047 2.720201 0.952270 0.275367 1.408258 0.457686 0.842438 0.244818 0.125354 0.862894 0.455506 0.642577 0.840952 4.962140 0.566846 0.000000 1.233560 1.037939 0.540068 1.082176 1.567168 0.568855 0.839079 
0.043695 0.001873 0.032077 0.153493 0.004357 0.609926 0.048232 0.107905 0.290590 0.018464 0.343328 0.006970 0.189166 0.040104 0.379711 0.575535 0.033501 3.188151 0.096158 0.042262 1.248331 0.130005 1.233560 0.000000 0.009635 0.146430 0.007682 0.020226 0.127111 0.038712 
0.014720 0.003230 0.075589 0.091509 0.012897 0.475288 0.015421 0.066624 0.398019 0.002105 0.244988 0.028200 0.117151 0.010606 0.274590 0.447164 0.010827 2.867278 0.047194 0.011562 1.466969 0.070912 1.037939 0.009635 0.000000 0.082292 0.000736 0.054744 0.070426 0.010579 
0.032083 0.118016 0.315126 0.005106 0.156096 0.165851 0.026599 0.030286 0.841169 0.060969 0.047205 0.206314 0.004633 0.033944 0.058649 0.152425 0.044670 1.983354 0.006113 0.033266 2.243864 0.000858 0.540068 0.146430 0.082292 0.000000 0.094016 0.271234 0.003182 0.034595 
0.021472 0.001976 0.066663 0.106239 0.008016 0.505844 0.021196 0.081216 0.372772 0.005208 0.267564 0.021866 0.132549 0.015014 0.297781 0.477826 0.017134 2.939300 0.057353 0.015565 1.419977 0.082590 1.082176 0.007682 0.000736 0.094016 0.000000 0.046298 0.083064 0.015827 
0.122913 0.031533 0.002373 0.284626 0.017512 0.850543 0.128238 0.219886 0.157960 0.076194 0.529044 0.004611 0.331236 0.113340 0.573271 0.810761 0.105780 3.711888 0.202891 0.115473 0.954947 0.250108 1.567168 0.020226 0.054744 0.271234 0.046298 0.000000 0.247675 0.113027 
0.021785 0.102711 0.286709 0.001563 0.142689 0.180269 0.020478 0.013835 0.801223 0.049156 0.052781 0.187435 0.006274 0.028155 0.067437 0.162673 0.031161 2.042210 0.002443 0.028961 2.172008 0.000917 0.568855 0.127111 0.070426 0.003182 0.083064 0.247675 0.000000 0.026441 
0.000894 0.025162 0.141141 0.040056 0.046347 0.344076 0.000575 0.030199 0.537963 0.003712 0.153753 0.073274 0.057357 0.000533 0.177428 0.320240 0.002284 2.530030 0.013090 0.001343 1.724633 0.026899 0.839079 0.038712 0.010579 0.034595 0.015827 0.113027 0.026441 0.000000 
